%YAML:1.0
---
calibration_time: "2018年10月24日 星期三 15时44分56秒"
nframes: 20
image_width: 1280
image_height: 720
board_width: 7
board_height: 6
square_size: 1.
aspectRatio: 1.
flags: 2
camera_matrix: !!opencv-matrix
   rows: 3
   cols: 3
   dt: d
   data: [ 2.4656167033276697e+03, 0., 6.8372146890754857e+02, 0.,
       2.4656167033276697e+03, 3.0745855405078657e+02, 0., 0., 1. ]
distortion_coefficients: !!opencv-matrix
   rows: 5
   cols: 1
   dt: d
   data: [ 1.2535298305555673e-01, -1.3625724277548577e+00,
       -3.4048403350230832e-03, 2.0218067451317098e-02,
       5.0100477512015518e-01 ]
avg_reprojection_error: 2.2296158554927026e-01
per_view_reprojection_errors: !!opencv-matrix
   rows: 20
   cols: 1
   dt: f
   data: [ 2.62949526e-01, 1.89611360e-01, 1.95318133e-01,
       1.61305904e-01, 2.47748375e-01, 1.83748856e-01, 2.02468038e-01,
       2.00107113e-01, 1.82954878e-01, 1.98848143e-01, 1.77600116e-01,
       1.61498442e-01, 1.46497935e-01, 1.74156755e-01, 1.42471328e-01,
       1.81121454e-01, 3.59023154e-01, 4.11703020e-01, 2.77748942e-01,
       1.94219664e-01 ]
extrinsic_parameters: !!opencv-matrix
   rows: 20
   cols: 6
   dt: d
   data: [ 3.3615994877538291e-01, -3.7617908953557505e-01,
       5.1519437156540671e-02, -5.8883324042082554e+00,
       -1.6579468923264176e+00, 4.1628707336088404e+01,
       1.1171788353329352e-01, -4.0737109978719371e-01,
       4.5228414367617181e-02, -6.0275557213726501e+00,
       -2.1814731136158629e+00, 4.2555619136759098e+01,
       -2.0507367945491498e-01, -1.3520880615484490e-01,
       -3.6984356148365316e-02, -6.9341819598724523e+00,
       -2.1421664404560494e+00, 4.4465237207548235e+01,
       -3.4636806893818933e-01, 3.7913062190673953e-02,
       4.1516238341641934e-02, -6.6017998259093833e+00,
       -2.2532714944255821e+00, 4.5310713337998145e+01,
       -4.8651592261503790e-01, 3.1165347430513846e-01,
       1.1405098039356892e-01, -6.1430991619989621e+00,
       -2.0309578433110658e+00, 4.6493101647964416e+01,
       -3.0390464144869705e-01, 3.5307734055767936e-01,
       1.1368647493747598e-01, -6.2318391690824466e+00,
       -2.0937432997812913e+00, 4.6099337819068865e+01,
       -1.1138396810288918e-01, -1.8004937106266630e-01,
       2.0863331436368194e-02, -6.6666553906859782e+00,
       -1.9887626115513748e+00, 4.3725912270914591e+01,
       -8.6539002982930296e-02, -4.8758115394030555e-01,
       -1.3071746576055513e-02, -6.3402910256952127e+00,
       -1.8118799451058676e+00, 4.2474250549045216e+01,
       -2.7435748286766848e-01, -1.4055390481766872e-01,
       -5.1556576094702586e-02, -7.0159113757897469e+00,
       -1.5553265548029713e+00, 4.4071858634705094e+01,
       -3.3455988625291400e-01, 3.0974044613729629e-01,
       6.1302988914718227e-03, -6.9827410066635176e+00,
       -1.2880652844670026e+00, 4.5870907379337396e+01,
       -2.2140641011694651e-01, 1.0716184510590276e-01,
       -1.3510992494930299e-02, -7.0152387857465870e+00,
       -1.1980371988651628e+00, 4.4982167122694946e+01,
       -2.3680691099245993e-01, -2.7619862488469921e-01,
       1.9212485158698439e-01, -5.9337238132747983e+00,
       -1.9649127438881653e+00, 4.3943725800020580e+01,
       -1.5245508636098840e-01, -1.6689228869437334e-01,
       4.1710579326567843e-01, -4.8360576493145810e+00,
       -1.9885095326561137e+00, 4.4091207172234967e+01,
       -2.2455431487447938e-01, -4.0458042848238146e-02,
       -5.6606066329983981e-02, -7.1818601509476574e+00,
       -9.5865853863989348e-01, 4.4302478350575058e+01,
       -1.6462412810202795e-01, 1.2232799273286275e-04,
       -1.9085546028708242e-01, -8.2561100989280103e+00,
       -2.4989709550059760e-02, 4.4111833406612533e+01,
       6.8009614505243815e-02, -4.2207163381691792e-01,
       -1.2682030497791133e-02, -7.0468840876230860e+00,
       -1.8855647256441594e+00, 4.2376518515826398e+01,
       3.5511365630646302e-01, -5.7708936092059604e-01,
       8.9686725978784632e-02, -5.7044889846248550e+00,
       -1.5071452668296896e+00, 4.1122000127063735e+01,
       4.0211136053241403e-01, -6.4293943816051646e-01,
       1.2235586472342853e-01, -5.0461228728129557e+00,
       -1.1397155566230206e+00, 4.1047717052992866e+01,
       3.5531802953650837e-01, -3.9897546238079756e-02,
       5.2858614241662751e-02, -6.5281241888702466e+00,
       -1.2717740675944436e+00, 4.2769514576965292e+01,
       2.3346104809136867e-01, 2.0426901215967205e-01,
       -3.8616629807888079e-03, -6.6610423389122024e+00,
       -1.3969794179247934e+00, 4.3881354512632534e+01 ]
