%YAML:1.0
---
calibration_time: "2018年11月22日 星期四 16时46分47秒"
nframes: 10
image_width: 1280
image_height: 720
board_width: 11
board_height: 8
square_size: 1.
aspectRatio: 1.
flags: 2
camera_matrix: !!opencv-matrix
   rows: 3
   cols: 3
   dt: d
   data: [ 874.663334352024, 0., 663.444657291880, 0.,
       884.741781467514, 559.415991251112, 0., 0., 1. ]
distortion_coefficients: !!opencv-matrix
   rows: 5
   cols: 1
   dt: d
   data: [-0.371636874853052, 0.118477473169106,
       -0.000489464040766587, 0.00255969245741335,
       0 ]
avg_reprojection_error: 4.9085862032323874e-01
per_view_reprojection_errors: !!opencv-matrix
   rows: 10
   cols: 1
   dt: f
   data: [ 2.65775323e-01, 2.66930521e-01, 2.76578277e-01,
       2.81643450e-01, 2.32053980e-01, 7.80238271e-01, 7.23906457e-01,
       4.72527325e-01, 4.26933914e-01, 7.20762670e-01 ]
extrinsic_parameters: !!opencv-matrix
   rows: 10
   cols: 6
   dt: d
   data: [ 1.1710142337609103e-01, 8.4135042374876445e-01,
       -2.9649809137134100e+00, 4.5716322831457834e+00,
       -3.6922294350791168e-01, 2.4963521653219967e+01,
       6.8670842365501444e-02, 9.1320066196982352e-01,
       -2.9961721157406540e+00, 3.9688110682442059e+00,
       -6.0553254398253831e-01, 2.4416474190139628e+01,
       7.2589658193697906e-02, 8.8623935470517878e-01,
       -2.9809713555771804e+00, 4.4612150692529191e+00,
       -7.1513320358200472e-01, 2.4084391559512252e+01,
       8.9883901335077440e-02, 8.7804626547696518e-01,
       -2.9744274884108748e+00, 4.5952254484403552e+00,
       -3.9713192880025161e-01, 2.4202868421319451e+01,
       5.4531142853459884e-02, 1.0111128526805553e+00,
       -2.9364201230503508e+00, 4.5154739375690252e+00,
       -9.5290058413666756e-01, 2.3864607082143880e+01,
       7.7512603117773906e-03, -2.8606115488709226e-03,
       -3.1296390497048781e+00, 4.1106952712684661e+00,
       -1.3927972278549496e+00, 2.1898194500899589e+01,
       -8.7253491435053659e-03, 3.1701056713600384e-01,
       -3.1151761109744109e+00, 3.8218850090651686e+00,
       -1.2063236076395158e+00, 2.2638052376534350e+01,
       1.0077086471456836e-02, -7.7140384806532725e-01,
       3.0552648355128049e+00, -1.0803623321382068e+00,
       -1.1490772430880516e+00, 2.4472459910069475e+01,
       -1.3251458486996850e-01, -7.2875705266519764e-01,
       3.0319779716093058e+00, -1.9619641067085125e+00,
       -2.0582281569179117e+00, 2.4609432134075579e+01,
       3.3385072530827446e-02, 7.4115917805716192e-01,
       -2.9765792067220529e+00, -3.1481664179312281e+00,
       -4.4467721470247392e+00, 2.1523373295653631e+01 ]
