%YAML:1.0
---
calibration_time: "2018年12月12日 星期三 22时56分02秒"
nframes: 103
image_width: 1224
image_height: 1024
board_width: 6
board_height: 7
square_size: 1.
aspectRatio: 1.
flags: 6
camera_matrix: !!opencv-matrix
   rows: 3
   cols: 3
   dt: d
   data: [ 9.0229161609966548e+02, 0., 612., 0., 9.0229161609966548e+02,
       512., 0., 0., 1. ]
distortion_coefficients: !!opencv-matrix
   rows: 5
   cols: 1
   dt: d
   data: [ -1.2584948187251466e-01, 1.0386604515709888e-01,
       -1.5572960366555600e-04, -2.7780414087746922e-03,
       -4.7121113904741149e-02 ]
avg_reprojection_error: 1.8961622356027197e-01
per_view_reprojection_errors: !!opencv-matrix
   rows: 103
   cols: 1
   dt: f
   data: [ 1.69059291e-01, 1.39868096e-01, 1.19931251e-01,
       1.39648631e-01, 1.99035838e-01, 2.05380663e-01, 2.00815856e-01,
       1.37288779e-01, 1.71737909e-01, 1.66858286e-01, 1.47598237e-01,
       1.76053807e-01, 1.61576614e-01, 1.59573391e-01, 1.83774069e-01,
       1.64667621e-01, 1.55957475e-01, 1.87404424e-01, 2.72262245e-01,
       1.57069892e-01, 1.87989920e-01, 1.98240682e-01, 1.98573053e-01,
       2.13246256e-01, 2.01014847e-01, 2.05946460e-01, 2.25554511e-01,
       2.15394348e-01, 2.00070158e-01, 2.11564720e-01, 1.99385881e-01,
       2.15709507e-01, 2.20004514e-01, 2.09229648e-01, 1.63390979e-01,
       1.34571433e-01, 1.29469365e-01, 1.84024349e-01, 1.57137945e-01,
       1.69698760e-01, 1.93835005e-01, 1.51952967e-01, 1.28090009e-01,
       1.39629647e-01, 1.30508974e-01, 1.60392001e-01, 1.35790020e-01,
       1.70754582e-01, 3.41763943e-01, 2.05669269e-01, 1.42822504e-01,
       1.73428103e-01, 1.84024334e-01, 1.91658616e-01, 1.50078058e-01,
       1.16500854e-01, 1.16030909e-01, 1.29536971e-01, 1.84321627e-01,
       2.25867987e-01, 2.09938169e-01, 2.12283835e-01, 1.64577410e-01,
       2.21506357e-01, 1.21588275e-01, 1.69262737e-01, 1.72831699e-01,
       1.75144717e-01, 1.72762305e-01, 1.65115654e-01, 1.70738414e-01,
       1.43252864e-01, 1.87646374e-01, 1.81281298e-01, 1.99388072e-01,
       2.38518238e-01, 2.14490101e-01, 1.63036108e-01, 1.23302229e-01,
       1.83613390e-01, 1.57483384e-01, 1.89056754e-01, 1.90950498e-01,
       1.89215571e-01, 1.69893235e-01, 1.41488120e-01, 2.28086963e-01,
       5.01873851e-01, 1.37715563e-01, 1.40797853e-01, 1.44278228e-01,
       1.71269372e-01, 1.95629179e-01, 1.95218682e-01, 1.59259111e-01,
       1.50268629e-01, 1.67944178e-01, 2.62005955e-01, 3.47212285e-01,
       2.27646217e-01, 1.57429561e-01, 1.91463262e-01, 1.93481043e-01 ]
extrinsic_parameters: !!opencv-matrix
   rows: 103
   cols: 6
   dt: d
   data: [ -2.7427055734874561e-01, -1.8679341216029771e-01,
       -2.9748755759753802e+00, 7.3974779330002516e+00,
       2.4187169779032761e-01, 1.5172488620090114e+01,
       -3.1508522424792240e-01, -3.0517343530086668e-02,
       -2.8196128245560561e+00, 7.1708240832869778e+00,
       5.4251260367854925e-01, 1.5397676281917169e+01,
       -3.7008522904187396e-01, 1.6462746824487109e-03,
       -2.7369393021883317e+00, 7.0441986427497483e+00,
       7.9417282895729668e-01, 1.5390246009740423e+01,
       -5.0358084548708870e-01, 2.9724271814847679e-03,
       -2.8140565363434726e+00, 7.1962290724253952e+00,
       7.1185866027311651e-01, 1.5309885884958062e+01,
       -9.4261095963489239e-01, 5.1935079423330926e-03,
       -2.8546590514131220e+00, 6.7906984083673985e+00,
       3.3090455855555306e-01, 1.4794618686290901e+01,
       -1.1580320146430914e+00, 5.1357770256686808e-02,
       -2.8242632043809337e+00, 6.4620969246071240e+00,
       3.3830386861176664e-01, 1.4644001654527820e+01,
       -9.4331383114777434e-01, 1.2327446087428322e-01,
       -2.9599156230070598e+00, 6.8354899281146828e+00,
       3.1600061889007663e-01, 1.5003416501277224e+01,
       -3.5556857457442997e-01, 1.4743731182532782e-01,
       -3.1105003085149945e+00, 7.5609014625540576e+00,
       2.3693518183898937e-01, 1.5874236205155375e+01,
       8.0785012780842436e-02, 1.1485060093829542e-01,
       -3.1234934154478613e+00, 7.8647361764659891e+00,
       2.3209657076510304e-01, 1.6531456505076740e+01,
       4.1346805745861714e-01, 7.8871101469872348e-02,
       -3.0830325021049085e+00, 7.9085554073379365e+00,
       2.1908413809215299e-01, 1.7091112686010302e+01,
       6.3364404276044162e-01, 6.7212460774343605e-02,
       -3.0590491117642777e+00, 8.0044105021359400e+00,
       1.4571014892322903e-01, 1.7524238869937790e+01,
       4.5093244690634843e-01, 1.6964867518838703e-01,
       -3.0850439203700026e+00, 7.9834440515491343e+00,
       2.0857844194519637e-01, 1.7302095522817741e+01,
       6.6830359390605110e-02, 9.9295865933209868e-02,
       -2.8602830212236379e+00, 7.3442857181263692e+00,
       1.0475774827803055e+00, 1.6404633941394646e+01,
       -9.7504557017819751e-02, 1.1989201953530781e-01,
       -2.6718014531763017e+00, 6.8701000544769970e+00,
       1.5246373045386299e+00, 1.6150422562355963e+01,
       -1.3267962843312248e-01, 2.0744847673165170e-01,
       -2.7622629324425345e+00, 7.1694090569572460e+00,
       1.6042652078935820e+00, 1.6216453742343997e+01,
       -1.3006368884434946e-01, 2.4541489675894815e-01,
       -3.0644353418238128e+00, 7.7660224501071093e+00,
       8.8234496266694606e-01, 1.6143444113819630e+01,
       1.6583277825506559e-01, -2.8791038490257459e-01,
       2.9650559905005163e+00, 8.1528680046974458e+00,
       -8.2504805060324052e-02, 1.5980748987028171e+01,
       2.4831283447861069e-01, -4.5211791198736428e-01,
       2.7808047376306653e+00, 8.2615243054603784e+00,
       -3.2176909559391370e-01, 1.5789350320892737e+01,
       2.6776988657879908e-01, -5.6120685467372988e-01,
       2.6803624890438829e+00, 8.2776203146590497e+00,
       -2.1880687827309883e-01, 1.5848040685775103e+01,
       1.9419784493444633e-01, -2.8835991583203391e-01,
       2.7527829724083781e+00, 8.3005903001846999e+00,
       -5.7951325548768939e-01, 1.5997578671512384e+01,
       1.3370318266032150e-01, 9.7040669873752095e-02,
       2.8518954784755879e+00, 8.3568954024859643e+00,
       -7.5201154409871451e-01, 1.6032916788111642e+01,
       1.2391192807343189e-01, 3.1393213460057479e-01,
       2.8957264795118065e+00, 8.3321696215314915e+00,
       -7.2310191735311424e-01, 1.5897025901492846e+01,
       1.9938262278251728e-01, 3.7615307628838374e-01,
       2.9155885663401286e+00, 8.2925839466833633e+00,
       -5.6484999078447629e-01, 1.5678696732848742e+01,
       3.5806491420265507e-01, 3.5735395774031403e-01,
       2.9978739530196461e+00, 8.0646500205302889e+00,
       -1.9980816408435625e-01, 1.5450083769979868e+01,
       -5.3527097520173461e-01, -4.3910541469343795e-01,
       -3.0368574270115194e+00, 7.6724738864640294e+00,
       1.9315756790978547e-01, 1.4991722227293788e+01,
       -6.1894698489647382e-01, -4.9883833057469645e-01,
       -2.9419583756956857e+00, 7.4787396816734928e+00,
       2.2311828966727726e-01, 1.4724111110881161e+01,
       -6.4859468485759486e-01, -5.3339016179864462e-01,
       -2.9011712060695993e+00, 7.3524328361068161e+00,
       2.5204496209702898e-01, 1.4629094546414716e+01,
       -6.0299000781847134e-01, -4.6914866362528468e-01,
       -2.9359562740229457e+00, 7.2697090248650076e+00,
       2.4802066833365022e-01, 1.4874465937470660e+01,
       -4.6118412476592391e-01, -4.0617458154640296e-01,
       -3.0124238951813944e+00, 6.7909358954955570e+00,
       2.5411079579280427e-01, 1.5306968107737280e+01,
       -3.0652226977648694e-01, -3.8523128509140991e-01,
       -3.0680302561225381e+00, 5.8478952052626871e+00,
       2.7119999857375948e-01, 1.5799187185275258e+01,
       -1.3965660304381305e-01, -4.0594806372192938e-01,
       -3.0704230729714288e+00, 4.1719714348759833e+00,
       1.2920547565280113e-01, 1.6259385211968830e+01,
       -1.0044440524227809e-01, -4.0839757424023537e-01,
       -3.1006080952507529e+00, 3.2858231204038466e+00,
       1.3726222162776355e-02, 1.6479249697102130e+01,
