%YAML:1.0
---
calibration_time: "2018年12月12日 星期三 23时10分12秒"
nframes: 105
image_width: 2448
image_height: 2048
board_width: 6
board_height: 7
square_size: 1.
aspectRatio: 1.
flags: 6
camera_matrix: !!opencv-matrix
   rows: 3
   cols: 3
   dt: d
   data: [ 1.8042356932949683e+03, 0., 1224., 0., 1.8042356932949683e+03,
       1024., 0., 0., 1. ]
distortion_coefficients: !!opencv-matrix
   rows: 5
   cols: 1
   dt: d
   data: [ -1.2864141133608512e-01, 1.1053108563523643e-01,
       -1.1764518219842923e-04, -2.7971566757577417e-03,
       -5.3766533795118227e-02 ]
avg_reprojection_error: 3.8928309767668540e-01
per_view_reprojection_errors: !!opencv-matrix
   rows: 105
   cols: 1
   dt: f
   data: [ 3.42602104e-01, 2.73699045e-01, 2.84934908e-01,
       2.78679311e-01, 3.87529731e-01, 4.41246539e-01, 4.22562778e-01,
       3.04479331e-01, 3.47748011e-01, 3.37935805e-01, 3.17339420e-01,
       3.66389930e-01, 3.35834354e-01, 3.43058258e-01, 3.70301783e-01,
       3.29931140e-01, 3.17792356e-01, 3.60523880e-01, 5.58752298e-01,
       3.23834717e-01, 3.82505655e-01, 4.08524334e-01, 4.24055219e-01,
       4.33770448e-01, 4.11329597e-01, 4.39053178e-01, 4.70311463e-01,
       4.67113316e-01, 4.13826734e-01, 4.80489373e-01, 4.30128962e-01,
       4.37892854e-01, 4.42022860e-01, 4.44502503e-01, 3.73294324e-01,
       2.83082753e-01, 2.93601930e-01, 3.55058879e-01, 3.12125415e-01,
       3.50611180e-01, 3.86602879e-01, 3.32282603e-01, 2.79236674e-01,
       2.29256496e-01, 2.34799922e-01, 2.88471341e-01, 3.10540318e-01,
       3.24062735e-01, 2.93647140e-01, 3.40797663e-01, 6.86832488e-01,
       4.22872156e-01, 3.17921340e-01, 3.83422852e-01, 3.93261135e-01,
       3.84658664e-01, 3.41624677e-01, 2.78138250e-01, 2.68791050e-01,
       2.82587320e-01, 3.75798166e-01, 4.70267773e-01, 4.30291384e-01,
       4.37576175e-01, 3.45124513e-01, 4.40013766e-01, 2.65979052e-01,
       3.41458470e-01, 3.65979493e-01, 3.79802585e-01, 3.63786370e-01,
       3.39432418e-01, 3.83318573e-01, 3.13497424e-01, 3.83105963e-01,
       3.71823639e-01, 3.95546407e-01, 4.80921149e-01, 4.43880320e-01,
       3.48938555e-01, 2.53502578e-01, 3.81176382e-01, 3.00561935e-01,
       3.95922959e-01, 4.00500357e-01, 4.05275851e-01, 3.47189814e-01,
       2.88772434e-01, 4.50489134e-01, 9.41078007e-01, 3.01380008e-01,
       3.00665557e-01, 3.11028719e-01, 3.60359579e-01, 4.14863586e-01,
       3.92051876e-01, 3.23205411e-01, 3.25343490e-01, 3.31734717e-01,
       5.38174570e-01, 7.22966850e-01, 4.59168434e-01, 3.21150094e-01,
       3.95531505e-01, 3.89084190e-01 ]
extrinsic_parameters: !!opencv-matrix
   rows: 105
   cols: 6
   dt: d
   data: [ -2.7474826511785938e-01, -1.8711785257787331e-01,
       -2.9748016288508761e+00, 7.4014140399643464e+00,
       2.4653965821255236e-01, 1.5157947452938718e+01,
       -3.1569678063369755e-01, -3.0123027506364298e-02,
       -2.8195074021861206e+00, 7.1748160859394092e+00,
       5.4734076253545971e-01, 1.5385071024410298e+01,
       -3.7114834596082064e-01, 2.0348625495434304e-03,
       -2.7367523595746754e+00, 7.0488535762526361e+00,
       7.9839032287915479e-01, 1.5379151639070002e+01,
       -5.0350358484914681e-01, 2.7124168184844222e-03,
       -2.8140270834819234e+00, 7.2007144331167430e+00,
       7.1622406672762307e-01, 1.5297185705425649e+01,
       -9.4356000135667606e-01, 5.1973223694432961e-03,
       -2.8543874712651762e+00, 6.7944744084799646e+00,
       3.3509765663473884e-01, 1.4781822421048615e+01,
       -1.1586013056225866e+00, 5.1521706086769009e-02,
       -2.8240528478454503e+00, 6.4663485462794563e+00,
       3.4268774399897378e-01, 1.4632312729667618e+01,
       -9.4396334241329172e-01, 1.2329324296611642e-01,
       -2.9596931861630753e+00, 6.8393524674865320e+00,
       3.2066385592765062e-01, 1.4989794838202648e+01,
       -3.5695954614836878e-01, 1.4795280826917376e-01,
       -3.1103336797641208e+00, 7.5656143079300584e+00,
       2.4150303753746227e-01, 1.5861734615241675e+01,
       8.0030704593507682e-02, 1.1437904463508072e-01,
       -3.1234766443494131e+00, 7.8687558833326952e+00,
       2.3714438288423936e-01, 1.6515874974753061e+01,
       4.1322610892242961e-01, 7.8915411720797718e-02,
       -3.0830548128384758e+00, 7.9123594212991684e+00,
       2.2424399718375532e-01, 1.7076528215924522e+01,
       6.3314223842283324e-01, 6.7161946364458713e-02,
       -3.0591153253761223e+00, 8.0093491281282549e+00,
       1.5055705898292387e-01, 1.7510630002243527e+01,
       4.5055389906686494e-01, 1.6957581484455564e-01,
       -3.0850604550857401e+00, 7.9873983529197057e+00,
       2.1400594771981826e-01, 1.7286798333262613e+01,
       6.6554020886161996e-02, 9.9099112161249253e-02,
       -2.8603235058111678e+00, 7.3480881616512077e+00,
       1.0525819526759590e+00, 1.6389083334724599e+01,
       -9.7403175999739619e-02, 1.1942897793046610e-01,
       -2.6718479239096271e+00, 6.8740093541459855e+00,
       1.5292910658196750e+00, 1.6134982469857565e+01,
       -1.3291284771159834e-01, 2.0735999247314174e-01,
       -2.7623068011524556e+00, 7.1735270175737709e+00,
       1.6088425801786705e+00, 1.6202715723810410e+01,
       -1.3095333402212028e-01, 2.4511844443169190e-01,
       -3.0643648505692567e+00, 7.7695921404926569e+00,
       8.8738201940595696e-01, 1.6128227325792704e+01,
       1.6605458894918568e-01, -2.8786224495183232e-01,
       2.9649444546808583e+00, 8.1572212509416300e+00,
       -7.8176309404805244e-02, 1.5967513627278839e+01,
       2.4930865580537484e-01, -4.5196876101109706e-01,
       2.7806423855996854e+00, 8.2659353815317100e+00,
       -3.1722454111452886e-01, 1.5775602456094331e+01,
       2.6830342806287832e-01, -5.6045405778669799e-01,
       2.6803959443821870e+00, 8.2822029223262241e+00,
       -2.1407919197505640e-01, 1.5833831312083385e+01,
       1.9466108804267171e-01, -2.8865646369033277e-01,
       2.7526831679210297e+00, 8.3049429249295947e+00,
       -5.7483464004535001e-01, 1.5984073820963411e+01,
       1.3460547363061570e-01, 9.7272391489365201e-02,
       2.8520572600542611e+00, 8.3609588141208508e+00,
       -7.4688282555832419e-01, 1.6018722403768244e+01,
       1.2441189210540513e-01, 3.1369544553768824e-01,
       2.8957128444477247e+00, 8.3368652136706380e+00,
       -7.1843129516585214e-01, 1.5883892395253421e+01,
       1.9980442851347507e-01, 3.7606628613409698e-01,
       2.9155663976886492e+00, 8.2974717555115340e+00,
       -5.6051540903849961e-01, 1.5666527026979271e+01,
       3.5853929989971245e-01, 3.5702043141718054e-01,
       2.9979223583344292e+00, 8.0690218356203598e+00,
       -1.9476958148938656e-01, 1.5437637124430665e+01,
       -5.3587281370908668e-01, -4.3890162208572298e-01,
       -3.0367048321695007e+00, 7.6762028135488070e+00,
       1.9825503435431255e-01, 1.4977599846380294e+01,
       -6.1990549575099696e-01, -4.9888890821814547e-01,
       -2.9415988881347039e+00, 7.4823825696847921e+00,
       2.2764063117334149e-01, 1.4710771268180611e+01,
       -6.4965108819283213e-01, -5.3334279885249691e-01,
       -2.9008466535607629e+00, 7.3557052393382243e+00,
       2.5652496254596413e-01, 1.4615035147904337e+01,
       -6.0317946149802804e-01, -4.6887448699617518e-01,
       -2.9359094084434663e+00, 7.2746196909516563e+00,
       2.5291693396476278e-01, 1.4863361824226066e+01,
       -4.6183937730615526e-01, -4.0645616249125260e-01,
       -3.0121880565650563e+00, 6.7943552332037820e+00,
       2.5853850636590664e-01, 1.5294268013751887e+01,
       -3.0681690047697885e-01, -3.8482453114656345e-01,
       -3.0681017957498287e+00, 5.8524196933857926e+00,
       2.7617731422442443e-01, 1.5787859424620439e+01,
       -1.4011388441544120e-01, -4.0555450545277183e-01,
       -3.0703470894840090e+00, 4.1762219964603089e+00,
       1.3359290824345652e-01, 1.6251002519078980e+01,
       -1.0123691760447061e-01, -4.0847691486484827e-01,
       -3.1004674012225881e+00, 3.2899606802670682e+00,
       1.8050009613505287e-02, 1.6468976773057424e+01,
