%YAML:1.0
---
calibration_time: "2018年12月12日 星期三 23时06分29秒"
nframes: 106
image_width: 612
image_height: 512
board_width: 6
board_height: 7
square_size: 1.
aspectRatio: 1.
flags: 6
camera_matrix: !!opencv-matrix
   rows: 3
   cols: 3
   dt: d
   data: [ 4.4928133465602849e+02, 0., 306., 0., 4.4928133465602849e+02,
       256., 0., 0., 1. ]
distortion_coefficients: !!opencv-matrix
   rows: 5
   cols: 1
   dt: d
   data: [ -1.2649385661100171e-01, 1.0107331351628232e-01,
       -2.1737396033935544e-05, -2.4601291287953886e-03,
       -4.2985403482741248e-02 ]
avg_reprojection_error: 1.7792443226922336e-01
per_view_reprojection_errors: !!opencv-matrix
   rows: 106
   cols: 1
   dt: f
   data: [ 9.02817100e-02, 8.13293606e-02, 6.93060458e-02,
       7.81056583e-02, 1.12287149e-01, 1.19010039e-01, 1.10080324e-01,
       8.06484371e-02, 9.02848914e-02, 9.03356299e-02, 8.20540488e-02,
       9.66806486e-02, 8.39385986e-02, 8.76538604e-02, 9.68827829e-02,
       8.26309696e-02, 7.57277757e-02, 9.24060345e-02, 1.43331885e-01,
       8.82055983e-02, 1.00978389e-01, 9.72370505e-02, 1.05583854e-01,
       1.18945211e-01, 1.11712806e-01, 1.21578149e-01, 1.28130868e-01,
       1.25447124e-01, 1.12139739e-01, 1.05183721e-01, 1.08633175e-01,
       1.11543648e-01, 1.15715578e-01, 1.08275548e-01, 8.87686685e-02,
       6.78293109e-02, 7.95091167e-02, 9.53100547e-02, 8.46188292e-02,
       8.84156525e-02, 9.60153714e-02, 8.85976031e-02, 6.84948266e-02,
       5.67611009e-02, 6.00904785e-02, 7.42691532e-02, 7.03618228e-02,
       1.51530159e+00, 8.14915001e-02, 7.23566711e-02, 9.82708856e-02,
       1.80333629e-01, 1.12554476e-01, 7.23159686e-02, 9.14066210e-02,
       9.69496518e-02, 1.03751987e-01, 8.24262127e-02, 6.72883317e-02,
       6.97300360e-02, 7.59205371e-02, 9.49629471e-02, 1.19298585e-01,
       1.17455900e-01, 1.17052734e-01, 9.24029946e-02, 1.10152535e-01,
       7.22144917e-02, 1.06862709e-01, 1.00669824e-01, 1.00392573e-01,
       9.34672505e-02, 9.65189934e-02, 9.93963778e-02, 8.06715265e-02,
       9.86254066e-02, 9.20267552e-02, 9.89189446e-02, 1.22240998e-01,
       1.11519486e-01, 8.78550932e-02, 6.16243444e-02, 1.00135066e-01,
       9.23817381e-02, 9.54401717e-02, 9.76985842e-02, 8.86255875e-02,
       8.57573152e-02, 7.65085444e-02, 1.24624282e-01, 2.43847281e-01,
       7.25175068e-02, 7.92559683e-02, 8.27046111e-02, 8.42061937e-02,
       1.10646188e-01, 1.10737890e-01, 7.72225335e-02, 7.00078383e-02,
       8.29252899e-02, 1.25178739e-01, 1.81545839e-01, 1.12942308e-01,
       7.98536167e-02, 9.65941027e-02, 1.14696108e-01 ]
extrinsic_parameters: !!opencv-matrix
   rows: 106
   cols: 6
   dt: d
   data: [ -2.7469053020797429e-01, -1.8369626152573282e-01,
       -2.9752306578355170e+00, 7.3890036982574641e+00,
       2.3276123960859629e-01, 1.5113588634533436e+01,
       -3.1577576765144277e-01, -2.7526959272265835e-02,
       -2.8196246612428939e+00, 7.1619706222444419e+00,
       5.3312121645333843e-01, 1.5339736817841970e+01,
       -3.6951215075747157e-01, 5.6071180296995956e-03,
       -2.7372976323491125e+00, 7.0371317349933760e+00,
       7.8490832134900335e-01, 1.5336500874106394e+01,
       -5.0343285036013086e-01, 4.5194123328295482e-03,
       -2.8139110338106761e+00, 7.1858899674876611e+00,
       7.0304977976567473e-01, 1.5247007541694767e+01,
       -9.4354482093837588e-01, 6.9405435851983667e-03,
       -2.8541220814844430e+00, 6.7798358439707656e+00,
       3.2256939726175093e-01, 1.4731083435920565e+01,
       -1.1583047560071604e+00, 5.2821482254325584e-02,
       -2.8237377927866345e+00, 6.4519223174358560e+00,
       3.2942856628778028e-01, 1.4582707253935773e+01,
       -9.4358112685148254e-01, 1.2570520902045190e-01,
       -2.9595262035584402e+00, 6.8260623682122281e+00,
       3.0769957416296129e-01, 1.4942711037777906e+01,
       -3.5553707503240967e-01, 1.4947979045026538e-01,
       -3.1104510054110324e+00, 7.5518929848792764e+00,
       2.2703552012458034e-01, 1.5813083182321408e+01,
       7.9974196761256736e-02, 1.1737472552674179e-01,
       -3.1237568221037830e+00, 7.8562006952494130e+00,
       2.2090130565013028e-01, 1.6470370797055512e+01,
       4.1292997185947555e-01, 8.1281064391366967e-02,
       -3.0834478139692236e+00, 7.8989801471095022e+00,
       2.0774977072563475e-01, 1.7027124812371685e+01,
       6.3285882123891979e-01, 6.9200902339700596e-02,
       -3.0596924986959908e+00, 7.9956771833250952e+00,
       1.3399289067927048e-01, 1.7458501106554284e+01,
       4.5047278803313917e-01, 1.7169109394669602e-01,
       -3.0853335455359590e+00, 7.9735265903301391e+00,
       1.9756022621161984e-01, 1.7236767790453850e+01,
       6.6311578473542299e-02, 1.0193062692353605e-01,
       -2.8604271933202123e+00, 7.3354220479640944e+00,
       1.0370978186390725e+00, 1.6344981040967959e+01,
       -9.7398263620104064e-02, 1.2286325029193294e-01,
       -2.6719840780989870e+00, 6.8615513196003031e+00,
       1.5144681841247363e+00, 1.6092806208461823e+01,
       -1.3259291048786151e-01, 2.0867315754955146e-01,
       -2.7622217312497006e+00, 7.1594856076598719e+00,
       1.5943121535631466e+00, 1.6153640925883092e+01,
       -1.2996103532586842e-01, 2.4741094896507645e-01,
       -3.0644576193578934e+00, 7.7569357938123717e+00,
       8.7190060454745910e-01, 1.6082933792847843e+01,
       1.6535378101405696e-01, -2.8916248726942695e-01,
       2.9648296829504139e+00, 8.1434188015061331e+00,
       -9.2681765252012424e-02, 1.5918688989527412e+01,
       2.4911877679897657e-01, -4.5296456863758972e-01,
       2.7805295260501990e+00, 8.2525447894883168e+00,
       -3.3161097107231646e-01, 1.5728193144382509e+01,
       2.6760430398433649e-01, -5.6233067823601857e-01,
       2.6799647969730547e+00, 8.2690632236430304e+00,
       -2.2934409633610200e-01, 1.5788934984237461e+01,
       1.9436261993883966e-01, -2.8967790145990141e-01,
       2.7524593970651874e+00, 8.2911810106381925e+00,
       -5.8974556903990627e-01, 1.5934601874149305e+01,
       1.3443279564480043e-01, 9.4727857294036072e-02,
       2.8517638181075577e+00, 8.3477723275163260e+00,
       -7.6211554227831102e-01, 1.5969642040629703e+01,
       1.2570710614677214e-01, 3.1147900379905652e-01,
       2.8957650689263064e+00, 8.3220785188618365e+00,
       -7.3282191914848449e-01, 1.5831207585596690e+01,
       2.0097441188634643e-01, 3.7385459133916793e-01,
       2.9156558533656196e+00, 8.2829614927884823e+00,
       -5.7466417163884775e-01, 1.5613943062299370e+01,
       3.5987642313267681e-01, 3.5490969270090467e-01,
       2.9979326120157426e+00, 8.0548515547132027e+00,
       -2.0960138955837812e-01, 1.5386830883151269e+01,
       -5.3651004550773818e-01, -4.3685934160458412e-01,
       -3.0367230173220441e+00, 7.6615034018993802e+00,
       1.8491950693310322e-01, 1.4927442584603964e+01,
       -6.2012865194288569e-01, -4.9628413063211668e-01,
       -2.9419694668202769e+00, 7.4674681109047709e+00,
       2.1526428995291116e-01, 1.4659856215641280e+01,
       -6.4940618636028447e-01, -5.3109187291289472e-01,
       -2.9011920671147227e+00, 7.3418309220853359e+00,
       2.4419643335252691e-01, 1.4565955874464574e+01,
       -6.0418994402679727e-01, -4.6684625586848516e-01,
       -2.9358990335550543e+00, 7.2589923307867634e+00,
       2.3978410922937771e-01, 1.4810882638507691e+01,
       -4.6168888272090552e-01, -4.0356742451298444e-01,
       -3.0126122648928249e+00, 6.7812812124153456e+00,
       2.4566316655712594e-01, 1.5243834031219443e+01,
       -3.0709455168841965e-01, -3.8298134461965200e-01,
       -3.0683136479493447e+00, 5.8384972527015941e+00,
       2.6234803619564107e-01, 1.5734928583297309e+01,
       -1.3883505506963253e-01, -4.0378705722608094e-01,
       -3.0707841888821643e+00, 4.1627489402826052e+00,
       1.2053075428076021e-01, 1.6195528708991599e+01,
       -9.9858200162055724e-02, -4.0588817997685922e-01,
       -3.1010671983168581e+00, 3.2766898162655962e+00,
       4.5965395593810764e-03, 1.6416055810935053e+01,
