%YAML:1.0
---
calibration_time: "2018年12月12日 星期三 22时49分27秒"
nframes: 36
image_width: 1224
image_height: 1024
board_width: 6
board_height: 7
square_size: 1.
aspectRatio: 1.
flags: 6
camera_matrix: !!opencv-matrix
   rows: 3
   cols: 3
   dt: d
   data: [ 9.0016994187076125e+02, 0., 612., 0., 9.0016994187076125e+02,
       512., 0., 0., 1. ]
distortion_coefficients: !!opencv-matrix
   rows: 5
   cols: 1
   dt: d
   data: [ -1.2347611711509367e-01, 7.9264334925188876e-02,
       -4.0742390987674813e-04, -2.8492725311562066e-03,
       -1.0741176826078076e-02 ]
avg_reprojection_error: 2.0134871839244281e-01
per_view_reprojection_errors: !!opencv-matrix
   rows: 36
   cols: 1
   dt: f
   data: [ 1.58312812e-01, 1.63362563e-01, 1.65364325e-01,
       1.69601381e-01, 1.70700118e-01, 1.64518759e-01, 1.66036502e-01,
       1.38450444e-01, 1.87565371e-01, 1.78402036e-01, 1.95239991e-01,
       2.34537140e-01, 2.11456478e-01, 1.63756803e-01, 1.28576115e-01,
       1.87402919e-01, 1.59511045e-01, 1.91123471e-01, 1.88200712e-01,
       1.86234847e-01, 1.69641405e-01, 1.43012106e-01, 2.21595049e-01,
       4.96396780e-01, 1.41595826e-01, 1.43802509e-01, 1.48186371e-01,
       1.74869880e-01, 2.00717717e-01, 1.94253504e-01, 1.69685498e-01,
       1.49248436e-01, 1.67766035e-01, 2.59252340e-01, 3.45952392e-01,
       2.26167083e-01 ]
extrinsic_parameters: !!opencv-matrix
   rows: 36
   cols: 6
   dt: d
   data: [ -3.5656131536090879e-01, 3.2773152069971073e-01,
       -3.0982718478940954e+00, 3.9740289606040702e+00,
       6.8029227083375554e-01, 1.6991365475163853e+01,
       -3.8479416555931700e-01, 4.4793016141452197e-01,
       -3.0691810877060730e+00, 3.8839065647831497e+00,
       -2.5786971483108440e-01, 1.7131448229811014e+01,
       -3.8443675987666598e-01, 3.9570075018358769e-01,
       -3.0905563656426245e+00, 3.8547428901595353e+00,
       -8.5379790717613646e-02, 1.7085996915373762e+01,
       -5.2195388138237231e-01, 4.0013212206329646e-01,
       -3.0636125104059273e+00, 3.7067484187649140e+00,
       2.5576961834602407e-02, 1.6897135430422516e+01,
       -7.7129435121856638e-01, 4.0291388537142908e-01,
       -2.9980883146618713e+00, 3.4342695562255448e+00,
       1.6177633543912773e-01, 1.6583774695878009e+01,
       -8.4891983885819489e-01, 3.8955319073404709e-01,
       -2.9754503093793967e+00, 3.2752592465291017e+00,
       2.0928724951558009e-01, 1.6540755579458857e+01,
       6.2018215659332909e-01, -4.0820343601298187e-01,
       3.0503391479017790e+00, 3.5062835218504427e+00,
       1.3737925769347550e-01, 1.6890260547479109e+01,
       1.7019106240605800e-01, -4.1365047685388084e-01,
       3.0998274739020544e+00, 3.8344464037829344e+00,
       4.4628585606189188e-02, 1.7558279655189722e+01,
       2.0640726720520966e-01, 4.2681721128597144e-01,
       -3.0789392378827496e+00, 3.9851029666150262e+00,
       1.2440981244978465e-01, 1.8147923839041141e+01,
       3.8373536459893731e-01, 4.2958142053084591e-01,
       -3.0105940080829856e+00, 4.1338929959940653e+00,
       2.2947853647458258e-01, 1.8447972186116708e+01,
       2.3279975168709521e-01, 3.4880384342497023e-01,
       -2.8178693049057935e+00, 4.0802456488243433e+00,
       8.0536806789124449e-01, 1.8005365869421937e+01,
       9.7597441183514863e-02, 2.9689105773809910e-01,
       -2.6143486096554018e+00, 3.6799312463958058e+00,
       1.2931338777237811e+00, 1.7536557861648618e+01,
       1.8519804513029633e-01, 3.1181096488070076e-01,
       -2.7631089346555155e+00, 3.9191769862531718e+00,
       1.1633668442738654e+00, 1.7689969760554717e+01,
       -2.4534867125507479e-01, -3.1896827431758629e-01,
       3.1078183416494993e+00, 4.3376560795658961e+00,
       1.8144983020293509e-01, 1.7750596529866908e+01,
       -2.1170651487202929e-01, -2.5443268784567363e-01,
       2.8371820096013227e+00, 4.2987277142640155e+00,
       -5.4712485558638624e-01, 1.7637727019804814e+01,
       -2.3333242932955703e-02, -5.4536933127412712e-01,
       2.7343030461033981e+00, 4.0495515691058026e+00,
       -8.2850931338179978e-01, 1.7444589950448606e+01,
       -1.4357496690930040e-02, -5.2378528391705048e-01,
       2.7230178138063885e+00, 4.0107808508304510e+00,
       -7.6249400964969705e-01, 1.7254134775422099e+01,
       -1.0937176752009665e-01, -7.1335723185207506e-02,
       2.7873371412752017e+00, 4.0928418375451692e+00,
       -9.3884711108883656e-01, 1.7165566777446443e+01,
       -1.6015224261898120e-01, 2.6142520296660005e-01,
       2.7812140118855324e+00, 4.1476429757940174e+00,
       -1.1040309132135024e+00, 1.7038604126461266e+01,
       -1.6863873653322017e-01, 3.0897832950048493e-01,
       2.8367488444894149e+00, 4.1390438660463120e+00,
       -8.9482580153099267e-01, 1.7096610216896821e+01,
       -1.2232056343046703e-01, 1.5668359545844876e-01,
       3.0709187224370287e+00, 3.8477043902998260e+00,
       -5.2751420076931434e-02, 1.7141720362876793e+01,
       8.2243300882724121e-02, -5.3431655594347302e-02,
       -2.9728242292805591e+00, 3.4809941134872249e+00,
       6.9341876677918590e-01, 1.7127437924425220e+01,
       1.2489594122618766e-01, 4.8654479163271946e-01,
       -2.8499251992534598e+00, 3.1862105367032676e+00,
       4.9854243137216997e-01, 1.7984837579974045e+01,
       3.6221693979862815e-02, 4.3085549253251704e-01,
       -2.8236213718270151e+00, 3.1853929746092393e+00,
       8.9149082298170101e-01, 1.7559355657681724e+01,
       -6.9090575569983520e-02, 5.2052542871512543e-02,
       -2.8484980193994733e+00, 3.4547141005256377e+00,
       8.3895807094928743e-01, 1.6874078674003702e+01,
       7.6512985069500236e-03, -8.0831276691251189e-02,
       -2.9125970708481401e+00, 4.2829344392767750e+00,
       5.8145708161896170e-01, 1.6982718265407414e+01,
       3.5141261707567678e-02, -7.4912303514890061e-02,
       -2.9963943633544083e+00, 5.6244799208726253e+00,
       4.1308570291652597e-01, 1.6879975344044801e+01,
       -6.4574202517574078e-02, -8.1367456471878361e-02,
       -3.1068302456786023e+00, 7.2319471860742013e+00,
       9.3191865187502373e-02, 1.6254834843863271e+01,
       6.2045607337693776e-01, -8.3236951715380744e-03,
       3.0599329899749956e+00, 7.6068746034627912e+00,
       8.8543687728548690e-02, 1.5090764727298039e+01,
       7.0477706200078460e-01, -8.9059083634685329e-02,
       3.0614457726254125e+00, 7.7331323488116110e+00,
       3.4853246085559608e-01, 1.5038178204072022e+01,
       1.0156809068130422e-01, -1.1380172091689628e-01,
       3.1277461679024325e+00, 8.0581012045970830e+00,
       2.5396508594592526e-01, 1.6101005189482105e+01,
       -1.5767827552990138e-01, -1.2399619405913646e-01,
       3.1251553512093873e+00, 8.1086268431498425e+00,
       2.8118962474744613e-01, 1.6579933872806897e+01,
       -1.3289696062926673e-01, -3.1074538262442181e-01,
       3.1005799156072236e+00, 8.1067357162958888e+00,
       1.7791153096642989e-01, 1.6700817320947635e+01,
       -7.3420547847872122e-02, -6.3817551337534317e-01,
       3.0382636286921034e+00, 8.0958204385682997e+00,
       6.8517497959043286e-02, 1.6820065618719536e+01,
       2.4681490115998129e-03, -7.9039995210863090e-01,
       3.0040044140362254e+00, 8.0706802628195558e+00,
       2.9375192973632352e-01, 1.6693129086857571e+01,
       1.2176060077785393e-01, -5.7695711703573960e-01,
       3.0656267840209193e+00, 8.0169367135479810e+00,
       2.0309315381066748e-01, 1.6324154582232911e+01 ]
